start=3341.533333
pause=yes
volume=104.000000
