start=2606.437000
pause=yes
volume=100.000000
