start=175.008000
pause=yes
volume=98.000000
