start=5136.733333
pause=yes
volume=130.000000
