start=3149.896744
pause=yes
volume=130.000000
