start=1120.828000
pause=yes
volume=130.000000
