start=951.126700
pause=yes
volume=130.000000
