start=1997.036708
pause=yes
volume=70.000000
