start=19.583333
pause=yes
volume=90.000000
