start=1111.480000
pause=yes
volume=74.000000
