start=1739.457682
pause=yes
volume=130.000000
