start=2805.360000
pause=yes
volume=130.000000
