start=5703.364000
pause=yes
volume=72.000000
