start=4168.747917
pause=yes
volume=65.000000
