start=383.674958
pause=yes
volume=130.000000
