start=2636.583333
pause=yes
volume=100.000000
