start=76.309567
pause=yes
volume=95.000000
