start=1203.880000
pause=yes
volume=40.000000
