start=22.500000
pause=yes
volume=83.000000
