start=1342.591000
pause=yes
volume=92.000000
