start=2670.253587
pause=yes
volume=89.000000
