start=3467.320000
pause=yes
volume=60.000000
