start=588.625000
pause=yes
volume=76.000000
