start=2180.392344
pause=yes
volume=97.000000
