start=833.866667
pause=yes
volume=130.000000
