start=3257.830056
pause=yes
volume=96.000000
