start=53.133333
pause=yes
volume=85.000000
