start=776.583333
pause=yes
volume=55.000000
