start=85.184000
volume=94.000000
