start=2545.433333
pause=yes
volume=70.000000
