start=2669.667000
pause=yes
volume=34.000000
