start=743.284208
pause=yes
volume=100.000000
