start=320.494111
pause=yes
volume=130.000000
