start=6757.083667
pause=yes
volume=53.000000
