start=4685.133333
pause=yes
volume=130.000000
