start=2344.884000
pause=yes
volume=40.000000
