start=1944.163833
pause=yes
volume=75.000000
