start=499.875000
pause=yes
volume=97.000000
