start=9813.847181
pause=yes
volume=92.000000
