start=1231.046000
pause=yes
volume=108.000000
