start=347.247000
pause=yes
volume=130.000000
