start=1429.929000
volume=35.000000
fullscreen=yes
