start=3025.742656
pause=yes
volume=91.000000
