start=1454.280000
pause=yes
volume=97.000000
