start=768.100667
pause=yes
volume=49.000000
