start=321.250000
pause=yes
volume=82.000000
