start=125.300000
pause=yes
volume=62.000000
