start=709.033333
pause=yes
volume=94.000000
