start=1364.208333
pause=yes
volume=90.000000
