start=4380.542833
pause=yes
volume=130.000000
