start=4410.466667
pause=yes
volume=100.000000
