start=748.708333
pause=yes
volume=88.000000
