start=3648.019000
pause=yes
volume=130.000000
