start=2571.698236
pause=yes
volume=98.000000
