start=2311.643000
pause=yes
volume=72.000000
