start=2729.600000
pause=yes
volume=130.000000
