start=76.666667
pause=yes
volume=38.000000
video-aspect-override=1.777778
