start=2464.462000
pause=yes
volume=98.000000
