start=1127.793000
pause=yes
volume=90.000000
