start=6179.533333
pause=yes
volume=130.000000
