start=3175.200000
pause=yes
volume=130.000000
