start=2707.600000
pause=yes
volume=75.000000
