start=2887.182989
pause=yes
volume=96.000000
aid=1
