start=40.833000
pause=yes
volume=74.000000
