start=554.569667
pause=yes
volume=96.000000
