start=755.129367
pause=yes
volume=98.000000
