start=250.000000
volume=95.000000
fullscreen=yes
aid=1
sid=no
