start=1990.205149
pause=yes
volume=61.000000
