start=7952.000000
pause=yes
volume=100.000000
