start=3624.600000
pause=yes
volume=56.000000
