start=4334.666667
pause=yes
volume=118.000000
