start=2648.020000
pause=yes
volume=82.000000
