start=2494.708333
pause=yes
volume=89.000000
