start=1044.126000
pause=yes
volume=130.000000
