start=2505.125000
pause=yes
volume=73.000000
