start=1217.174292
pause=yes
volume=124.000000
