start=1271.231111
pause=yes
volume=60.000000
