start=576.242333
pause=yes
volume=100.000000
