start=1677.243911
pause=yes
volume=130.000000
