start=1620.662000
pause=yes
volume=80.000000
