start=3510.590000
pause=yes
volume=90.000000
