start=3163.296630
pause=yes
volume=54.000000
