start=984.108125
pause=yes
volume=54.000000
