start=2379.017000
pause=yes
volume=92.000000
