start=60.476375
pause=yes
volume=130.000000
