start=337.840000
pause=yes
volume=74.000000
