start=1402.320000
pause=yes
volume=106.000000
