start=896.320000
pause=yes
volume=130.000000
