start=3406.760000
pause=yes
volume=45.000000
