start=2284.450667
pause=yes
volume=130.000000
