start=119.000000
volume=71.000000
