start=860.666667
pause=yes
volume=98.000000
