start=292.300000
pause=yes
volume=66.000000
