start=7.040000
pause=yes
volume=96.000000
sub-pos=101
