start=1739.800000
pause=yes
volume=86.000000
